4,3
4,2
4,1
4,0
3,6
3,5
3,4
3,3
3,2
3,1
3,0
2,2
1,2
0,315
0,314
0,243
113,12
117,4
113,160
113,5
117,1
117,3
113,1
117,0
113,4
113,3
113,0
2,15
1,1
1,3
114,1
1,0
114,15
114,3
0,440
2,1
114,0
2,13
2,3
2,0
0,9
0,310
0,305
0,308
0,304
0,303
0,302
0,307
0,12
0,429
0,10
0,8
0,0
0,300
0,358
0,299
0,391
0,298
0,416
0,297
0,432
0,296
0,438
0,295
0,382
0,294
0,381
0,293
0,386
0,292
0,353
0,291
0,424
0,290
0,352
0,289
0,426
0,288
0,389
0,287
0,405
0,286
0,364
0,285
0,403
0,284
0,356
0,283
0,372
0,282
0,412
0,281
0,414
0,280
0,387
0,279
0,313
0,278
0,395
0,277
0,384
0,276
0,275
0,351
0,274
0,444
0,273
0,335
0,272
0,334
0,271
0,402
0,270
0,338
0,269
0,311
0,268
0,306
0,267
0,266
0,312
0,265
0,442
0,264
0,443
0,263
0,415
0,262
0,363
0,261
0,362
0,260
0,371
0,259
0,404
0,258
0,331
0,257
0,380
0,256
0,350
0,255
0,410
0,254
0,401
0,253
0,252
0,390
0,251
0,437
0,250
0,439
0,249
0,370
0,248
0,327
0,247
0,349
0,246
0,436
0,245
0,400
0,244
0,397
0,242
0,361
0,241
0,240
0,433
0,239
0,409
0,238
0,324
0,237
0,431
0,236
0,420
0,235
0,321
0,234
0,359
0,233
0,379
0,232
0,231
0,399
0,230
0,344
0,229
0,425
0,228
0,398
0,227
0,375
0,226
0,225
0,373
0,224
0,355
0,223
0,428
0,222
0,418
0,221
0,374
0,220
0,394
0,219
0,435
0,218
0,330
0,217
0,320
0,216
0,215
0,422
0,214
0,393
0,213
0,385
0,212
0,211
0,423
0,210
0,411
0,209
0,345
0,208
0,319
0,207
0,329
0,206
0,396
0,205
0,316
0,204
0,368
0,203
0,417
0,202
0,341
0,201
0,406
0,200
0,427
0,199
0,343
0,198
0,388
0,197
